STEP : 1759

11111111000011001111111111100011110000000000111111110011111111111111111111100111111111000111111111110011111100000001111111111111111111110000011111110000011111100111111111111111111111000000001111001111111100111111110
11111100011111000111111111110000000000000011111111111001111111111111111110000111111111100111111111110011111000000001111111111111111111110000011111000011111111100011111111111111111111100000111111000111111110011111111
11110000111111001111111111111000000000000111111111111000111111111111111000000111111111110111111111110000000001110000111111111111111111110000011100001111111111110011111111111111111111110011111111100111111110011111111
11000011111111001111111111111000000000001111111111111100111111111111100001100011111111110011111111111000000111110000111111111111111111110000000000011111111111100001111111111111111111110001111111110011111110001111111
00000111111111101111111111100000000001111111111111111100111111111110000011110001111111111001111111110000011111111000011111111111111111110000000001111111111110000000111111111111111111111001111111110001111111000111111
00011111111111001111111110000000000111111111111111111100011111111000011111111001111111111001111111000001111111111000011111111111111111110000000111111111111000001100111111111111111111111000111111111001111111100111111
11111111111111101111111000000000000011111111111111111110011111110000011111111000111111111000111100000111111111111000011111111111111111110000001111111111110001111100011111111111111111111100000000111100111111100011111
11111111111111100111100000000000110011111111111001111110011111000000011111111100111111111100000000011111111111100000001111111111111111110000011111111111000011111110011111111111111111111110000000011100111111110011111
11111111111111100000000000000011111001111111111000111111001111011110001111111110011111111100000001111111111110000000000000111111111111110000011111111110001111111111001111111111111111111110000110011110011111110001111
11111111111111100000000000011111111001111111111100000000000000011111001111111110011111111100000111111111111000011110000000111111111111110000011111111000011111111111000111111111111111111111001110001110001111111000111
11111111111111110000000000111111111000111111111000000000000000111111000111111110001111111000011111111111000001111111000000111111111111110000001111100001111111111111100111111111111111111111000111001111001111111100111
11111111111111100000000000011111111100111111000000000000000011111111100111111111001111100000001111111100000111111100000011111111111111111000000000000111111111111111000011111111111111111111100111100111100111111100011
11111111111111111000001111111111111110011110000110000000000011111111110011111111000000001111000111110000011111111110000001111111111111111000000000011111111111111100000001111111111111111111100011100011100111111110001
11111111111111000000111111111111111110000000011111000000000011111111110011111111100000011111100000000001111111111110000001111111111111111100000001111111111111110000011001111111111111111111110011110011110011111111000
01111111111110000001111111111111111111000001111111000000111001111111110001111110000001111111110000001111111111111111000000111111111111111100000011111111111111000001111000111111111111111111111001110001110001111111000
00111111111000000000111111111111111110000011111111000011111000111111111001111100000011111111110000111111111111111111100000111111111111111110000011111111111100001111111100111111111111111111111000111001110000000000000
00000000000000110000111111111111111000000111111111100111111100111111111100000000000011111111110001111111111111111111100000011111111111111110002011111111120000111111111110011111111111111111111100010000000000000000000
00000000000011110000111111111111100000000011111111100111111100011111111100000001111001111111111001111111111111111111111000011111111111111111222221111112220011111111111110001111111111111111111100000000000000000111111
11111000001111110000111111111110000111110011111111100011111110011111111100000111111001111111111100111111111111111111110000001111111111111111222222222222221111111111111111001111111111111111111000000000001100111111111
11100000111111110000111111111000001111110001111111110011111110001111110000001111111100111111111100111111111111111111111100001111111111111111122222222222111111111111111111000111111111110000000000000011111100111111111
10000001111111110000111111100000111111110001111111110011111111000000000000001111111100011111111110011110000111111111111110000111111111111111122222222211111111111111111111100000000000000000000011111111111100111111111
00000111111111110000111110000011111111000001111111110001111111000000001111100111111110011111111110000000001111111111111110002111111111111111122222211111111111111111111111222200000000001111111111111111111100111111111
11100111111111110000111000000111111100000000111111111001111110000000111111100111111110001111111111000000001111111111111111002111111111111111112222221111111111111112222222220000000111001111111111111111111100111111111
11100011111111111000000000000111111000011100111111111001111000000011111111100011111111001111111111000011111111111111111111022211111111111111111222221111111111122222222222111111111111001111111111111111111112211111111
11110011111111111000000011110001000000011110011111111100000000000001111111110011111111000111111111100001111111111111111111122211111111111111111222222222222222222222211111111111111111001111111111111111111112222222222
11111001111111111000001111110000000110011111011111111100000000000001111111110001111111100111111111100001111111111111111111122221111111111111111222222222222222111111111111111111111111222111111111111111122222222222222
11111001111111100000011111111000011110001110001111111000000000000000111111111001111111100011111111110000111111111111111221112222111111111122222222222222211111111111111111111111111111122111111111122222222222222222222
11111100111111000000111111111000111111001111001111100000000000000000111111111000111111100011111111110222211111111111122221112222222222222222222222222211111111111111111111111111111111122222222222222222222222222222222
11111100001100000000211111111100111111001111000000000000000000000000011111111100011111110001111111111222222222222222222211112222222222222222111112222211111111111111111111111111111111222222222222222222222222222222221
11111100000000111000211111111100111111100111100000000000000111111110011111111100011111110001111111111222222222222222222222222222222211111111111112222211111111111111111111111111122222222222222222222222222222222111111
11111110000001111000211111111100011111100000000000111111111111111110001111111110011111111000111111111122222222222222222222222222211111111111111112222211111111111111111111122222222222222222222222222222111111221111111
11111000001111111002211111111110011111100000000001111111111111111111222111111110001111111122211111111122222222222222222222111122211111111111111111222211111111122222222222222222222222222222222221111111111111222111111
11100000011111111022211111111110000000000000111000111111111111111111222111111111001111111122211111112222222222222111111111111122211111111111111111222221111111222222222222222222222222222222211111111111111111122111111
11000000011111111222211111111110000000111111111000111111111111111111122111111111022111111112222222222222222111111111111111111122221111111111111111222222222222222222222222222222222222211111111111111111111111122111111
00001110011111111222222222222222200011111111111100011111111111111111122211111111122222222222222222222111222111111111111111111122211111111121111111222222222222222222222222222221111112221111111111111111111111122222222
00011100011111111222222222222222200111111111111100011100000001111111112211111111222222222222222211111111122211111111111111111122222222222222222222222222222222222222222222111111111111222111111111111111111111122222222
11111110011111111222222222211111200111111111111100011111111122222111112222222222222222222222222111111111122211111111111111111122222222222222222222222222222222222221111111111111111111122221111111111111111222222222222
11111112211111111222221111111111000111111111111112221111111122222222222222222222222211111111222111111111122211111111111111111122222222222222222222222222222222111111111111111111111111111222111111111122222222222221111
11111112111111111222211111111111122211111111111111222111111111122222222222211111111111111111222111111111112221111112222222222222222222222222222222222222211111111111111111111111111111111122222222222222222212221111111
11111122211111111122211111111111122211111111111111222222222222222222222221111111111111111111222111111111112222222222222222222222222222222222221111112222211111111111111111111111111111111111222222222221111112221111111
11111112111111111122211111111111122211111111111122222222222222221111112221111111111111111111222111111111112222222222222222222222222222221111111111112222211111111111111111111111111111111111222222221111111122211111111
11111122111111111122211111111111112222222222222222222221111111111111111222111111111111111111222222222222222222222222222222222222221111111111111111111222221111111111111111111111111111111112222221111111111122211111111
11111122111111111122211111111111112222222222222221122211111111111111111222111111111111111111222222222222222222222222222222221112221111111111111111111222221111111122222111111111111111111122222221111111111122211111111
11111122111111111122222222222222222222222222111111122211111111111111111222111111111111112222222222222222222222222222221111111112221111111111111111111222222222222222222211111111111111111122211222111111111222211111111
11111122111111111122222222222222222222111111111111122211111111111111111222222222222222222222222222222222222222221111111111111112221111111111111111111122222222222222222211111111111111111122211222111111112222111111111
11111122211111112222222222222221122221111111111111122211111111111111112222222222222222222222222222222221111112221111111111111112221111111111111111222222222222221111122211111111111111111122211122211111112222222222222
11111122222222222222222111111111112222111111111111122211111111111111122222222222222222222222222222111111111111222111111111111112222222222222222222222222222211111111112221111111111111111122211122211111112222222222222
11112222222222222222221111111111111222211111111111112222222222222222222222222222222222222222222211111111111111122211111111111111222222222222222222111122222221111111111222111111111111111122211112222222222222221111111
22222222211111111122221111111111111222111111111111122222222222222222222222222222222222211111122211111111111111122221111111111222222222222222111111111122222222111111111122211111111111111122211112222222222221111111111
11111111111111111122211111111111111222111111111111222222222222222222222222222222211111111111122211111111111111112222222222222222222211111111111111111122222222211111111112221111111111111122211112222112222111111111111
11111111111111111122211111111111111222222222222222222222222222222222222222211111111111111111122211111111111111112222222222222211222211111111111111111122222222222111111111222111111111111222111122211112222111111111111
11111111111111111122221111111111111222222222222222222222222222222222111122211111111111111111122211111111111222222222222222111111122211111111111111111112222111122211111111122211111111112222111122111112221111111111111
11111111111111111122222222222222222222222222222222222222222211111111111122211111111111111111122222222222222222222222111111111111222211111111111111111122222111222211111111122211111111222211111221111122211111111111111
11111111111111111112222222222222222222222222222222222222111111111111111112221111111111111111122222222222222111111222111111111111222222111111111111111122222111112221111111112221111111222111112221111122211111111111111
11111111111111112222222222222222222222222222222221111222111111111111111111222111111111122222222222222111111111111122211111111111122222222222211111111112222211111122211111111222111111222111112221111122221111111111111
11111111111222222222222222222222222222222211111111111122211111111111111111222222222222222222222222111111111111111122222222222222222222222222222222211112222211111112221111111122211122211111112221111122222222222222222
22222222222222222222222222222222222222111111111111111122211111111111111111222222222222221111111222111111111111111122222222222222222222222222222222222222222211111111222111111112222222111111122211111122222222222222222
22222222222222222222222222211111111222111111111111111122211111111111222222222222111111111111111222111111111122222222222222222222222222222222222222222222222211111111122211111111222221111111122211111222222222211111111
22222222222222222222222111111111111221111111111111111122222222222222222222221111111111111111111222222222222222222222222222222222222222222222222222222222222222111111112222111111222211111111122211111222221111111111111
22222222222221111112222111111111111221111111111111111122222222222222221112222111111111111111111222222222222222222222222222222222222222222222222222222222222222222222111122211112222111111111122111112222222111111111111
12222111111111111112222111111111111221111111111111222222222111111111111111222111112111111222222222222222222222222222222222222222222222222222222222222222222222222222221112222222221111111111222111122211122211111111111
11111111111111111112222111111111111222222222222222222222211111111111111111222222222222222222222222222222222222222222222222222222222222222222222222222222222222222222222222222222221111111111222111222111112221111111111
11111111111111111112222111111111111222222222222222111122211111111111111111222222222222222222222222222222222222222222222222222222222222222222222222222222222222222222222222222222222111111111222111222111111222221111111
11111111111111111112222111111122222222222221111111111122211111111112222222222222222222222222222222222222222222222222222222222222222222222222222222222222222222222222222222222222222221111112221112221111111222222222222
11111111111111111112222222222222222221111111111111111122222222222222222222222222222222222222222222222222222222222222222222222222222222222222222222222222222222222222222222222222222222221112221112221111111222222222222
11111111111111111112222222222221111221111111111111111112222222222222222222222222222222222222222222222222222222222222222222222222222222222222222222222222222222222222222222222222211112222222221112221111111222221111222
11111111111111111112222211111111111221111111111112222222222222222222222222222222222222222222222222222222222222222222222222222222222222222222222222222222222222222222222222222222222111112222221112221111112222111111222
11111111111111111112222111111111111222222222222222222222222222222222222222222222222222222222222222222222222222222222222222222222222222222222222222222222222222222222222222222222222221111112222222221111112222111111222
11111111111111111112222111111111111222222222222222222222222222222222222222222222222222222222222222222222222222222222222222222222222222222222222222222222222222222222222222222222222222221111222222211111112222111111222
11111111111111111112222111111111122222222222222222222222222222222222222222222222222222222222222222222222222222222222222222222222222222222222222222222222222222222222222222222222222222222111112222211111112221111111222
11111111111111111112221111111112222222222222222222222222222222222222222222222222222222222222222222222222222222222222222222222222222222222222222222222222222222222222222222222222222222222222112222222211112221111112222
11111111111111111112222111111222222222222222222222222222222222222222222222222222222222222222222222222222222222222222222222222222222222222222222222222222222222222222222222222222222222222222222222222222112221111122221
11111111111111111111222222222222222222222222222222222222222222222222222222222222222222222222222222222222222222222222222222222222222222222222222222222222222222222222222222222222222222222222222222111222222221111122211
11111011111111111111222222222222222222222222222222222222222222222222222222222222222222222222222222222222222222222222222222222222222222222222222222222222222222222222222222222222222222222222222222111112222221111222211
11111001111111111111222222222222222222222222222222222222222222222222222222222222222222222222222222222222222222222222222222222222222222222222222222222222222222222222222222222222222222222222222222221111122222111222111
11100101111111111112222222222222222222222222222222222222222222222222222222222222222222222222222222222222222222222222222222222222222222222222222222222222222222222222222222222222222222222222222222222211111222222222111
00000000111111111222222222222222222222222222222222222222222222222222222222222222222222222222222222222222222222222222222222222222222222222222222222222222222222222222222222222222222222222222222222222222111112222222222
00000001111111112222222222222222222222222222222222222222222222222222222222222222222222222222222222222222222222222222222222222222222222222222222222222222222222222222222222222222222222222222222222222222221111222222222
00000001111111222222222222222222222222222222222222222222222222222222222222222222222222222222222222222222222222222222222222222222222222222222222222222222222222222222222222222222222222222222222222222222222211222222222
11111101111122222222222222222222222222222222222222222222222222222222222222222222222222222222222222222222222222222222222222222222222222222222222222222222222222222222222222222222222222222222222222222222222222222111111
11111111112222222222222222222222222222222222222222222222222222222222222222222222222222222222222222222222222222222222222222222222222222222222222222222222222222222222222222222222222222222222222222222222222222222111111
11111111122222222222222222222222222222222222222222222222222222222222222222222222222222222222222222222222222222222222222222222222222222222222222222222222222222222222222222222222222222222222222222222222222222222111111
11111112222222222222222222222222222222222222222222222222222222222222222222222222222222222222222222222222222222222222222222222222222222222222222222222222222222222222222222222222222222222222222222222222222222222221111
11111222222222222222222222222222222222222222222222222222222222222222222222222222222222222222222222222222222222222222222222222222222222222222222222222222222222222222222222222222222222222222222222222222222222222222111
11122222222222222222222222222222222222222222222222222222222222222222222222222222222222222222222222222222222222222222222222222222222222222222222222222222222222222222222222222222222222222222222222222222222222222222221
11222222222222222222222222222222222222222222222222222222222222222222222222222222222222222222222222222222222222222222222222222222222222222222222222222222222222222222222222222222222222222222222222222222222222222222222
22222222222222222222222222222222222222222222222222222222222222222222222222222222222222222222222222222222222222222222222222222222222222222222222222222222222222222222222222222222222222222222222222222222222222222222222
22222222222222222222222222222222222222222222222222222222222222222222222222222222222222222222222222222222222222222222222222222222222222222222222222222222222222222222222222222222222222222222222222222222222222222222222
22222222222222222222222222222222222222222222222222222222222222222222222222222222222222222222222222222222222222222222222222222222222222222222222222222222222222222222222222222222222222222222222222222222222222222222222
22222222222222222222222222222222222222222222222222222222222222222222222222222222222222222222222222222222222222222222222222222222222222222222222222222222222222222222222222222222222222222222222222222222222222222222222
22222222222222222222222222222222222222222222222222222222222222222222222222222222222222222222222222222222222222222222222222222222222222222222222222222222222222222222222222222222222222222222222222222222222222222222222
22222222222222222222222222222222222222222222222222222222222222222222222222222222222222222222222222222222222222222222222222222222222222222222222222222222222222222222222222222222222222222222222222222222222222222222222
22222222222222222222222222222222222222222222222222222222222222222222222222222222222222222222222222222222222222222222222222222222222222222222222222222222222222222222222222222222222222222222222222222222222222222222222
22222222222222222222222222222222222222222222222222222222222222222222222222222222222222222222222222222222222222222222222222222222222222222222222222222222222222222222222222222222222222222222222222222222222222222222222
12222222222222222222222222222222222222222222222222222222222222222222222222222222222222222222222222222222222222222222222222222222222222222222222222222222222222222222222222222222222222222222222222222222222222222222222
12222222222222222222222222222222222222222222222222222222222222222222222222222222222222222222222222222222222222222222222222222222222222222222222222222222222222222222222222222222222222222222222222222222222222222222222
22222222222222222222222222222222222222222222222222222222222222222222222222222222222222222222222222222222222222222222222222222222222222222222222222222222222222222222222222222222222222222222222222222222222222222222222
22222222222222222222222222222222222222222222222222222222222222222222222222222222222222222222222222222222222222222222222222222222222222222222222222222222222222222222222222222222222222222222222222222222222222222222222
22222222222222222222222222222222222222222222222222222222222222222222222222222222222222222222222222222222222222222222222222222222222222222222222222222222222222222222222222222222222222222222222222222222222222222222222
22222222222222222222222222222222222222222222222222222222222222222222222222222222222222222222222222222222222222222222222222222222222222222222222222222222222222222222222222222222222222222222222222222222222222222222222
22222222222222222222222222222222222222222222222222222222222222222222222222222222222222222222222222222222222222222222222222222222222222222222222222222222222222222222222222222222222222222222222222222222222222222222222
22222222222222222222222222222222222222222222222222222222222222222222222222222222222222222222222222222222222222222222222222222222222222222222222222222222222222222222222222222222222222222222222222222222222222222222222
11222222222222222222222222222222222222222222222222222222222222222222222222222222222222222222222222222222222222222222222222222222222222222222222222222222222222222222222222222222222222222222222222222222222222222222222
11222222222222222222222222222222222222222222222222222222222222222222222222222222222222222222222222222222222222222222222222222222222222222222222222222222222222222222222222222222222222222222222222222222222222222222222
11222222222222222222222222222222222222222222222222222222222222222222222222222222222222222222222222222222222222222222222222222222222222222222222222222222222222222222222222222222222222222222222222222222222222222222222
11222222222222222222222222222222222222222222222222222222222222222222222222222222222222222222222222222222222222222222222222222222222222222222222222222222222222222222222222222222222222222222222222222222222222222222222
11222222222222222222222222222222222222222222222222222222222222222222222222222222222222222222222222222222222222222222222222222222222222222222222222222222222222222222222222222222222222222222222222222222222222222222222
11222222222222222222222222222222222222222222222222222222222222222222222222222222222222222222222222222222222222222222222222222222222222222222222222222222222222222222222222222222222222222222222222222222222222222222222


